13292
30804
28901
17291
11645
17703
19479
8751
8479
6870
7054
7033
29298
4748
1947
6919
28903
18188
25796
29910
27613
10308
2316
30061
21002
11556
1653
16984
24605
22448
28354
7896
8865
16212
1153
26841
20261
5496
32073
25124
14490
22613
14657
6614
25340
10247
5089
2577
31285
29155
12797
15857
12350
26122
28927
5058
18055
27454
23412
28528
18073
1269
18122
28990
11770
24492
32343
1211
4432
30590
8094
23539
31434
3317
3022
10978
1980
23584
4748
14126
2441
18918
14834
4117
11718
31641
18392
675
29084
3279
28754
7721
25710
22381
19833
23788
32188
516
1135
17690
2632
18529
15261
5634
29815
12895
17983
21891
27641
11520
10531
20933
12460
14780
23725
27432
1214
10265
28703
14970
2579
3452
29207
26477
3814
28479
16986
17224
3506
21251
12495
31708
25683
10568
3535
31418
1640
17979
3996
17571
12029
23758
12590
27968
21863
12302
28214
29459
26990
28338
93
6062
6834
27887
460
2083
12103
12436
6386
27067
11683
850
4481
7915
23994
32603
1722
22659
25959
18992
747
18217
1038
29107
14390
262
12672
8068
13971
28607
9246
5770
17176
23207
578
11984
13433
24883
17114
17299
30923
31150
342
18329
10381
18477
18629
29636
19176
25030
6714
17382
12086
20477
12917
13783
32706
26751
21183
32453
29134
19731
4374
10956
14043
10189
29578
23238
4900
30596
23271
5221
15724
135
148
22655
27641
13708
3003
29608
13025
11497
426
15622
6020
30215
5498
14177
32090
25363
6894
18554
20463
6902
8349
31390
3627
1928
30036
31866
6871
29696
7350
21297
30301
28592
30501
29356
17871
18671
8422
12338
19243
13398
19583
17208
13022
29743
7268
18554
23174
5162
16339
31562
29948
3410
22269
6440
12178
26176
25190
9108
15513
9102
16782
29728
26407
7311
1233
22217
5143
2109
5772
7815
21584
22131
32641
26659
27723
10589
19069
32585
29903
812
19256
6622
30975
31758
19580
23955
13719
5213
27017
25531
23923
30486
5817
12122
1873
16526
7520
18814
10455
7520
3830
30674
17112
21930
29560
16752
8915
6265
14091
13815
23996
7041
6883
10973
26623
25362
11619
25351
28355
17991
3461
21655
22123
897
32125
262
611
30995
2201
4978
18969
22079
16492
14649
16201
22626
21803
26822
10622
26731
3415
2731
23254
11409
24732
14576
16901
25158
14842
2219
23964
5222
9506
4561
29836
437
27427
10572
14309
18312
25157
334
12772
9410
30005
9188
9773
26882
9571
31694
18261
25627
3241
24462
26019
27077
8749
21183
31512
15762
18056
29096
14508
31523
23336
15121
30939
20123
26866
11349
15200
4436
6700
25529
3649
7889
2971
15612
2059
30196
14568
7216
14175
31345
2121
23240
11181
27267
14685
2801
31552
23774
15191
1318
27259
23268
11870
29694
6242
27419
5172
21065
21596
8159
29718
3932
310
32340
30180
19881
10604
20895
14466
28563
10404
15958
26494
26240
3708
10804
21491
30767
7813
19474
5293
28236
4495
30738
29069
25665
31784
31774
7727
10064
32351
8337
1995
23774
8398
8499
14937
25362
727
12907
8441
8095
15917
26288
9617
12510
9110
2113
29624
13600
13552
15126
25299
7234
114
31510
19325
14210
16693
19082
19501
31632
26867
9426
16658
10473
30478
2390
29506
20064
16596
12992
17172
23037
3841
20073
20938
11275
13445
18448
28276
24685
648
32210
18961
16945
15788
28758
14070
7528
30866
17225
30580
25396
30623
8714
24501
21538
512
23718
20199
9402
17387
20742
17308
20565
9768
29799
3953
3631
16081
4363
28142
7357
16214
3118
686
22337
963
18492
704
18843
10054
30529
3404
13922
16876
29089
30586
17203
13227
25865
3983
16201
8357
28581
7002
14414
683
31636
5582
20849
29696
28313
28656
4281
5984
531
22772
5785
16705
22319
20898
29636
18009
7004
3839
4418
4960
20735
28714
24260
29207
4200
2948
15157
8073
21765
5907
19345
6033
10966
12329
13306
14748
20513
17984
26377
10928
8039
11561
32610
6318
21910
6758
22411
17108
2176
4564
21502
27525
24972
1421
4988
5965
28844
11532
31141
15648
11151
22418
18374
19426
27927
15817
14322
10541
2317
5799
20052
3406
18452
29590
21699
24720
24539
10194
13463
32190
15255
16146
8891
32227
10417
18282
20996
29012
15291
29296
8129
10736
425
20894
28308
31399
20798
12791
9088
4153
20676
23277
31042
18240
1024
13443
7653
9073
30309
6319
20113
19487
21896
21506
26020
12800
4052
6538
3843
16948
19327
28152
5811
19075
18876
19966
1443
29415
2611
5115
204
28746
17070
24794
7804
21648
32533
3127
9711
8152
32156
24516
27936
30463
6971
8684
18654
9062
25695
13238
17186
16374
7647
17899
2976
14177
23089
27003
22172
30634
28382
32541
7679
32487
24115
18998
30890
9542
2361
11004
31754
18510
15848
17371
23533
15207
30104
3608
15508
8605
22456
8628
27401
5281
21698
13459
28595
15632
28014
5341
12071
16376
31271
8869
3393
9625
1723
3272
18036
7528
5718
21784
29534
17242
25521
24506
27295
19038
29063
4557
29932
12331
32585
17228
1887
24125
13842
2102
30737
23578
8669
5356
24811
30426
19190
16858
9401
486
942
29273
19072
5376
15955
25300
8978
27524
32607
8746
27871
18669
16368
14932
27150
1690
21624
19528
7373
11987
11190
8989
7653
18695
31205
623
16785
15191
9267
13317
32400
25945
116
6321
19321
22549
15640
16504
26191
20308
1370
19955
14933
20507
13755
10485
22563
4210
13487
17519
13306
3177
17302
31632
7765
27741
23533
18992
10944
8312
27846
25710
30957
21879
3189
29080
5125
9904
29325
28236
23612
12627
19979
31197
11944
27888
19408
4856
16211
27961
24917
1928
22927
28938
12186
7126
31369
25254
4703
11509
31265
11588
12183
21085
13817
3018
6938
17110
29388
13528
25242
152
26626
2056
5592
4272
10625
8308
7959
16805
25541
28793
32721
17756
7731
19131
17834
8761
30634
31849
19362
16263
4444
23747
7054
4378
7132
30169
969
9778
14967
10901
13607
8099
12488
32251
32042
20787
3719
24496
28793
4676
19874
8633
6541
435
5775
31622
32686
16639
7904
15919
6686
27310
22040
7677
916
18412
21693
13612
491
2422
16814
9199
13852
1974
8631
29109
2154
20015
17763
5035
9436
30236
18705
15490
7152
5204
23370
22898
31630
15985
15698
24703
29755
